
Pmax =

    2.0769


d0 =

    0.2931


Ps =

    1.9884


wn =

    6.1405


z =

    0.2131


wd =

    5.9995


fd =

    0.9549


tau =

    0.7643


th =

    1.3561

>> 