
d0 =

    0.4606


hh =

  Columns 1 through 8

    0.8000    1.4452    1.4448    1.4444    1.4440    1.4435    1.4431    1.4427

  Columns 9 through 16

    1.4423    1.4419    1.4414    1.4410    1.4406    1.4401    1.4397    1.4392

  Columns 17 through 24

    1.4388    1.4383    1.4379    1.4374    1.4369    1.4364    1.4360    1.4355

  Columns 25 through 32

    1.4350    1.4345    1.4340    1.4335    1.4330    1.4325    1.4319    1.4314

  Columns 33 through 40

    1.4309    1.4304    1.4298    1.4293    1.4287    1.4282    1.4276    1.4271

  Columns 41 through 48

    1.4265    1.4260    1.4254    1.4248    1.4242    1.4237    1.4231    1.4225

  Columns 49 through 56

    1.4219    1.4213    1.4207    1.4201    1.4195    1.4189    1.4182    1.4176

  Columns 57 through 64

    1.4170    1.4163    1.4157    1.4151    1.4144    1.4138    1.4131    1.4124

  Columns 65 through 72

    1.4118    1.4111    1.4104    1.4098    1.4091    1.4084    1.4077    1.4070

  Columns 73 through 80

    1.4063    1.4056    1.4049    1.4042    1.4035    1.4028    1.4020    1.4013

  Columns 81 through 88

    1.4006    1.3998    1.3991    1.3983    1.3976    1.3968    1.3961    1.3953

  Columns 89 through 96

    1.3946    1.3938    1.3930    1.3922    1.3914    1.3907    1.3899    1.3891

  Columns 97 through 104

    1.3883    1.3875    1.3867    1.3858    1.3850    1.3842    1.3834    1.3825

  Columns 105 through 112

    1.3817    1.3809    1.3800    1.3792    1.3783    1.3775    1.3766    1.3757

  Columns 113 through 120

    1.3749    1.3740    1.3731    1.3723    1.3714    1.3705    1.3696    1.3687

  Columns 121 through 128

    1.3678    1.3669    1.3660    1.3651    1.3641    1.3632    1.3623    1.3614

  Columns 129 through 136

    1.3604    1.3595    1.3585    1.3576    1.3566    1.3557    1.3547    1.3538

  Columns 137 through 144

    1.3528    1.3518    1.3508    1.3499    1.3489    1.3479    1.3469    1.3459

  Columns 145 through 152

    1.3449    1.3439    1.3429    1.3419    1.3409    1.3398    1.3388    1.3378

  Columns 153 through 160

    1.3367    1.3357    1.3347    1.3336    1.3326    1.3315    1.3305    1.3294

  Columns 161 through 168

    1.3283    1.3273    1.3262    1.3251    1.3240    1.3229    1.3219    1.3208

  Columns 169 through 176

    1.3197    1.3186    1.3175    1.3163    1.3152    1.3141    1.3130    1.3119

  Columns 177 through 184

    1.3107    1.3096    1.3085    1.3073    1.3062    1.3050    1.3039    1.3027

  Columns 185 through 192

    1.3015    1.3004    1.2992    1.2980    1.2969    1.2957    1.2945    1.2933

  Columns 193 through 200

    1.2921    1.2909    1.2897    1.2885    1.2873    1.2861    1.2849    1.2836

  Columns 201 through 208

    1.2824    1.2812    1.2800    1.2787    1.2775    1.2762    1.2750    1.2737

  Columns 209 through 216

    1.2725    1.2712    1.2699    1.2687    1.2674    1.2661    1.2649    1.2636

  Columns 217 through 224

    1.2623    1.2610    1.2597    1.2584    1.2571    1.2558    1.2545    1.2532

  Columns 225 through 232

    1.2518    1.2505    1.2492    1.2479    1.2465    1.2452    1.2439    1.2425

  Columns 233 through 240

    1.2412    1.2398    1.2385    1.2371    1.2357    1.2344    1.2330    1.2316

  Columns 241 through 248

    1.2302    1.2289    1.2275    1.2261    1.2247    1.2233    1.2219    1.2205

  Columns 249 through 256

    1.2191    1.2177    1.2163    1.2148    1.2134    1.2120    1.2106    1.2091

  Columns 257 through 264

    1.2077    1.2062    1.2048    1.2034    1.2019    1.2004    1.1990    1.1975

  Columns 265 through 272

    1.1961    1.1946    1.1931    1.1916    1.1901    1.1887    1.1872    1.1857

  Columns 273 through 280

    1.1842    1.1827    1.1812    1.1797    1.1782    1.1766    1.1751    1.1736

  Columns 281 through 288

    1.1721    1.1706    1.1690    1.1675    1.1660    1.1644    1.1629    1.1613

  Columns 289 through 296

    1.1598    1.1582    1.1566    1.1551    1.1535    1.1519    1.1504    1.1488

  Columns 297 through 304

    1.1472    1.1456    1.1440    1.1424    1.1408    1.1392    1.1376    1.1360

  Columns 305 through 312

    1.1344    1.1328    1.1312    1.1296    1.1280    1.1263    1.1247    1.1231

  Columns 313 through 320

    1.1214    1.1198    1.1181    1.1165    1.1148    1.1132    1.1115    1.1099

  Columns 321 through 328

    1.1082    1.1065    1.1049    1.1032    1.1015    1.0998    1.0982    1.0965

  Columns 329 through 336

    1.0948    1.0931    1.0914    1.0897    1.0880    1.0863    1.0846    1.0829

  Columns 337 through 344

    1.0811    1.0794    1.0777    1.0760    1.0742    1.0725    1.0708    1.0690

  Columns 345 through 352

    1.0673    1.0655    1.0638    1.0620    1.0603    1.0585    1.0567    1.0550

  Columns 353 through 360

    1.0532    1.0514    1.0497    1.0479    1.0461    1.0443    1.0425    1.0407

  Columns 361 through 368

    1.0389    1.0371    1.0353    1.0335    1.0317    1.0299    1.0281    1.0263

  Columns 369 through 376

    1.0245    1.0226    1.0208    1.0190    1.0172    1.0153    1.0135    1.0116

  Columns 377 through 384

    1.0098    1.0079    1.0061    1.0042    1.0024    1.0005    0.9987    0.9968

  Columns 385 through 392

    0.9949    0.9931    0.9912    0.9893    0.9874    0.9855    0.9836    0.9818

  Columns 393 through 400

    0.9799    0.9780    0.9761    0.9742    0.9723    0.9704    0.9684    0.9665

  Columns 401 through 408

    0.9646    0.9627    0.9608    0.9588    0.9569    0.9550    0.9530    0.9511

  Columns 409 through 416

    0.9492    0.9472    0.9453    0.9433    0.9414    0.9394    0.9375    0.9355

  Columns 417 through 424

    0.9335    0.9316    0.9296    0.9276    0.9257    0.9237    0.9217    0.9197

  Columns 425 through 432

    0.9177    0.9157    0.9137    0.9118    0.9098    0.9078    0.9058    0.9037

  Columns 433 through 440

    0.9017    0.8997    0.8977    0.8957    0.8937    0.8917    0.8896    0.8876

  Columns 441 through 448

    0.8856    0.8835    0.8815    0.8795    0.8774    0.8754    0.8733    0.8713

  Columns 449 through 456

    0.8692    0.8672    0.8651    0.8631    0.8610    0.8589    0.8569    0.8548

  Columns 457 through 464

    0.8527    0.8507    0.8486    0.8465    0.8444    0.8423    0.8402    0.8382

  Columns 465 through 472

    0.8361    0.8340    0.8319    0.8298    0.8277    0.8256    0.8234    0.8213

  Columns 473 through 480

    0.8192    0.8171    0.8150    0.8129    0.8107    0.8086    0.8065    0.8044

  Columns 481 through 483

    0.8022    0.8001    0.8000


 Initial power angle =  26.388

 Maximum angle swing = 146.838 
Critical clearing =  98.834 

Current plot held
>> 