
d0 =

    0.4606


hh =

  Columns 1 through 8

    0.8000    1.7925    1.7928    1.7931    1.7934    1.7936    1.7939    1.7941

  Columns 9 through 16

    1.7944    1.7946    1.7949    1.7951    1.7953    1.7956    1.7958    1.7960

  Columns 17 through 24

    1.7962    1.7964    1.7966    1.7968    1.7970    1.7971    1.7973    1.7975

  Columns 25 through 32

    1.7977    1.7978    1.7980    1.7981    1.7983    1.7984    1.7985    1.7986

  Columns 33 through 40

    1.7988    1.7989    1.7990    1.7991    1.7992    1.7993    1.7994    1.7994

  Columns 41 through 48

    1.7995    1.7996    1.7997    1.7997    1.7998    1.7998    1.7999    1.7999

  Columns 49 through 56

    1.7999    1.8000    1.8000    1.8000    1.8000    1.8000    1.8000    1.8000

  Columns 57 through 64

    1.8000    1.8000    1.7999    1.7999    1.7999    1.7998    1.7998    1.7997

  Columns 65 through 72

    1.7997    1.7996    1.7996    1.7995    1.7994    1.7993    1.7992    1.7991

  Columns 73 through 80

    1.7990    1.7989    1.7988    1.7987    1.7986    1.7985    1.7983    1.7982

  Columns 81 through 88

    1.7980    1.7979    1.7977    1.7976    1.7974    1.7972    1.7971    1.7969

  Columns 89 through 96

    1.7967    1.7965    1.7963    1.7961    1.7959    1.7957    1.7955    1.7952

  Columns 97 through 104

    1.7950    1.7948    1.7945    1.7943    1.7940    1.7938    1.7935    1.7932

  Columns 105 through 112

    1.7929    1.7927    1.7924    1.7921    1.7918    1.7915    1.7912    1.7909

  Columns 113 through 120

    1.7905    1.7902    1.7899    1.7896    1.7892    1.7889    1.7885    1.7882

  Columns 121 through 128

    1.7878    1.7874    1.7871    1.7867    1.7863    1.7859    1.7855    1.7851

  Columns 129 through 136

    1.7847    1.7843    1.7839    1.7835    1.7830    1.7826    1.7822    1.7817

  Columns 137 through 144

    1.7813    1.7808    1.7803    1.7799    1.7794    1.7789    1.7785    1.7780

  Columns 145 through 152

    1.7775    1.7770    1.7765    1.7760    1.7754    1.7749    1.7744    1.7739

  Columns 153 through 160

    1.7733    1.7728    1.7722    1.7717    1.7711    1.7706    1.7700    1.7694

  Columns 161 through 168

    1.7689    1.7683    1.7677    1.7671    1.7665    1.7659    1.7653    1.7646

  Columns 169 through 176

    1.7640    1.7634    1.7628    1.7621    1.7615    1.7608    1.7602    1.7595

  Columns 177 through 184

    1.7589    1.7582    1.7575    1.7568    1.7561    1.7554    1.7547    1.7540

  Columns 185 through 192

    1.7533    1.7526    1.7519    1.7512    1.7505    1.7497    1.7490    1.7482

  Columns 193 through 200

    1.7475    1.7467    1.7460    1.7452    1.7444    1.7436    1.7429    1.7421

  Columns 201 through 208

    1.7413    1.7405    1.7397    1.7389    1.7381    1.7372    1.7364    1.7356

  Columns 209 through 216

    1.7347    1.7339    1.7331    1.7322    1.7314    1.7305    1.7296    1.7288

  Columns 217 through 224

    1.7279    1.7270    1.7261    1.7252    1.7243    1.7234    1.7225    1.7216

  Columns 225 through 232

    1.7207    1.7197    1.7188    1.7179    1.7169    1.7160    1.7150    1.7141

  Columns 233 through 240

    1.7131    1.7121    1.7112    1.7102    1.7092    1.7082    1.7072    1.7062

  Columns 241 through 248

    1.7052    1.7042    1.7032    1.7022    1.7012    1.7001    1.6991    1.6981

  Columns 249 through 256

    1.6970    1.6960    1.6949    1.6939    1.6928    1.6917    1.6906    1.6896

  Columns 257 through 264

    1.6885    1.6874    1.6863    1.6852    1.6841    1.6830    1.6819    1.6807

  Columns 265 through 272

    1.6796    1.6785    1.6773    1.6762    1.6750    1.6739    1.6727    1.6716

  Columns 273 through 280

    1.6704    1.6692    1.6681    1.6669    1.6657    1.6645    1.6633    1.6621

  Columns 281 through 288

    1.6609    1.6597    1.6584    1.6572    1.6560    1.6548    1.6535    1.6523

  Columns 289 through 296

    1.6510    1.6498    1.6485    1.6473    1.6460    1.6447    1.6434    1.6421

  Columns 297 through 304

    1.6409    1.6396    1.6383    1.6370    1.6356    1.6343    1.6330    1.6317

  Columns 305 through 312

    1.6304    1.6290    1.6277    1.6263    1.6250    1.6236    1.6223    1.6209

  Columns 313 through 320

    1.6196    1.6182    1.6168    1.6154    1.6140    1.6126    1.6112    1.6098

  Columns 321 through 328

    1.6084    1.6070    1.6056    1.6042    1.6027    1.6013    1.5999    1.5984

  Columns 329 through 336

    1.5970    1.5955    1.5941    1.5926    1.5912    1.5897    1.5882    1.5867

  Columns 337 through 344

    1.5852    1.5837    1.5823    1.5808    1.5792    1.5777    1.5762    1.5747

  Columns 345 through 352

    1.5732    1.5717    1.5701    1.5686    1.5670    1.5655    1.5639    1.5624

  Columns 353 through 360

    1.5608    1.5592    1.5577    1.5561    1.5545    1.5529    1.5513    1.5497

  Columns 361 through 368

    1.5481    1.5465    1.5449    1.5433    1.5417    1.5401    1.5384    1.5368

  Columns 369 through 376

    1.5352    1.5335    1.5319    1.5302    1.5286    1.5269    1.5252    1.5236

  Columns 377 through 384

    1.5219    1.5202    1.5185    1.5168    1.5152    1.5135    1.5118    1.5100

  Columns 385 through 392

    1.5083    1.5066    1.5049    1.5032    1.5014    1.4997    1.4980    1.4962

  Columns 393 through 400

    1.4945    1.4927    1.4910    1.4892    1.4874    1.4857    1.4839    1.4821

  Columns 401 through 408

    1.4803    1.4785    1.4767    1.4749    1.4731    1.4713    1.4695    1.4677

  Columns 409 through 416

    1.4659    1.4640    1.4622    1.4604    1.4585    1.4567    1.4549    1.4530

  Columns 417 through 424

    1.4511    1.4493    1.4474    1.4455    1.4437    1.4418    1.4399    1.4380

  Columns 425 through 432

    1.4361    1.4342    1.4323    1.4304    1.4285    1.4266    1.4247    1.4228

  Columns 433 through 440

    1.4208    1.4189    1.4170    1.4150    1.4131    1.4111    1.4092    1.4072

  Columns 441 through 448

    1.4053    1.4033    1.4013    1.3994    1.3974    1.3954    1.3934    1.3914

  Columns 449 through 456

    1.3894    1.3874    1.3854    1.3834    1.3814    1.3794    1.3774    1.3753

  Columns 457 through 464

    1.3733    1.3713    1.3693    1.3672    1.3652    1.3631    1.3611    1.3590

  Columns 465 through 472

    1.3569    1.3549    1.3528    1.3507    1.3487    1.3466    1.3445    1.3424

  Columns 473 through 480

    1.3403    1.3382    1.3361    1.3340    1.3319    1.3298    1.3276    1.3255

  Columns 481 through 488

    1.3234    1.3213    1.3191    1.3170    1.3148    1.3127    1.3105    1.3084

  Columns 489 through 496

    1.3062    1.3041    1.3019    1.2997    1.2975    1.2954    1.2932    1.2910

  Columns 497 through 504

    1.2888    1.2866    1.2844    1.2822    1.2800    1.2778    1.2756    1.2734

  Columns 505 through 512

    1.2711    1.2689    1.2667    1.2644    1.2622    1.2600    1.2577    1.2555

  Columns 513 through 520

    1.2532    1.2510    1.2487    1.2464    1.2442    1.2419    1.2396    1.2373

  Columns 521 through 528

    1.2351    1.2328    1.2305    1.2282    1.2259    1.2236    1.2213    1.2190

  Columns 529 through 536

    1.2167    1.2143    1.2120    1.2097    1.2074    1.2050    1.2027    1.2004

  Columns 537 through 544

    1.1980    1.1957    1.1933    1.1910    1.1886    1.1862    1.1839    1.1815

  Columns 545 through 552

    1.1791    1.1768    1.1744    1.1720    1.1696    1.1672    1.1648    1.1624

  Columns 553 through 560

    1.1600    1.1576    1.1552    1.1528    1.1504    1.1480    1.1456    1.1431

  Columns 561 through 568

    1.1407    1.1383    1.1358    1.1334    1.1310    1.1285    1.1261    1.1236

  Columns 569 through 576

    1.1212    1.1187    1.1162    1.1138    1.1113    1.1088    1.1063    1.1039

  Columns 577 through 584

    1.1014    1.0989    1.0964    1.0939    1.0914    1.0889    1.0864    1.0839

